Es gibt 20 Dreiecke.
1. Dreieck: (80.0|0.0), (10.0|130.0), (110.0|30.0)
2. Dreieck: (80.0|0.0), (10.0|130.0), (102.11|37.89)
3. Dreieck: (80.0|0.0), (110.0|30.0), (102.11|37.89)
4. Dreieck: (80.0|0.0), (128.28|82.76), (49.57|56.52)
5. Dreieck: (80.0|0.0), (111.82|54.55), (124.44|44.44)
6. Dreieck: (80.0|0.0), (118.93|66.73), (137.0|57.0)
7. Dreieck: (80.0|0.0), (141.92|106.15), (156.67|76.67)
8. Dreieck: (20.0|120.0), (110.0|30.0), (137.0|57.0)
9. Dreieck: (20.0|120.0), (104.12|74.71), (75.0|65.0)
10. Dreieck: (20.0|120.0), (118.93|66.73), (102.11|37.89)
11. Dreieck: (20.0|120.0), (71.0|92.54), (55.65|84.35)
12. Dreieck: (10.0|130.0), (49.57|56.52), (75.0|65.0)
13. Dreieck: (10.0|130.0), (39.28|75.62), (55.65|84.35)
14. Dreieck: (140.0|180.0), (50.0|170.0), (160.0|170.0)
15. Dreieck: (50.0|170.0), (120.0|170.0), (98.46|175.38)
16. Dreieck: (60.0|60.0), (49.57|56.52), (60.0|37.14)
17. Dreieck: (91.76|70.59), (128.28|82.76), (111.82|54.55)
18. Dreieck: (128.28|82.76), (104.12|74.71), (118.93|66.73)
19. Dreieck: (128.28|82.76), (150.0|90.0), (141.92|106.15)
20. Dreieck: (128.28|82.76), (75.0|65.0), (102.11|37.89)
