6
141.640000 11.460000 89.210000 26.200000
141.640000 11.460000 32.1400000 45.030000
141.640000 11.460000 75.7900000 84.880000
141.640000 11.460000 20.170000 56.010000
141.640000 11.460000 20.170000 19.6800000
89.210000 26.200000 32.1400000 45.030000
89.210000 26.200000 75.7900000 84.880000
89.210000 26.200000 20.170000 56.010000
89.210000 26.200000 20.170000 19.6800000
32.1400000 45.030000 75.7900000 84.880000
32.1400000 45.030000 20.170000 56.010000
32.1400000 45.030000 20.170000 19.6800000
75.7900000 84.880000 20.170000 56.010000
75.7900000 84.880000 20.170000 19.6800000
20.170000 56.010000 20.170000 19.6800000
 